9
-inf 3.560 1.000
3.560 5.950 0.410
5.950 6.980 0.348
6.980 7.220 0.335
7.220 13.030 0.234
13.030 20.250 0.335
20.250 25.010 0.816
25.010 26.760 0.850
26.760 +inf 1.000

11
-inf 8.480 1.000
8.480 8.680 0.280
8.680 17.110 1.000
17.110 19.160 0.660
19.160 25.270 0.112
25.270 28.250 0.048
28.250 30.540 0.112
30.540 35.980 0.170
35.980 36.180 0.056
36.180 36.750 0.170
36.750 +inf 1.000

5
-inf 7.720 1.000
7.720 15.730 0.840
15.730 21.730 0.487
21.730 24.900 0.840
24.900 +inf 1.000

9
-inf 8.260 1.000
8.260 16.800 0.330
16.800 23.060 0.056
23.060 29.780 0.004
29.780 34.600 0.014
34.600 41.780 0.001
41.780 48.650 0.006
48.650 55.420 0.070
55.420 +inf 1.000

7
-inf 4.420 1.000
4.420 10.010 0.720
10.010 15.320 1.000
15.320 21.530 0.270
21.530 25.660 0.051
25.660 30.750 0.190
30.750 +inf 1.000

11
-inf 8.470 1.000
8.470 17.010 0.490
17.010 24.450 0.142
24.450 26.250 0.138
26.250 33.230 0.281
33.230 38.020 0.290
38.020 41.000 0.029
41.000 43.120 0.015
43.120 52.820 0.029
52.820 53.070 0.100
53.070 +inf 1.000

7
-inf 1.450 1.000
1.450 5.370 0.770
5.370 10.120 0.008
10.120 17.210 0.010
17.210 20.830 1.000
20.830 29.360 0.790
29.360 +inf 1.000

7
-inf 4.640 1.000
4.640 13.730 0.970
13.730 17.370 0.844
17.370 27.030 0.008
27.030 28.530 0.844
28.530 30.340 0.970
30.340 +inf 1.000

5
-inf 7.620 1.000
7.620 13.540 0.880
13.540 18.230 0.625
18.230 21.140 0.710
21.140 +inf 1.000

11
-inf 1.670 1.000
1.670 3.060 0.430
3.060 9.230 1.000
9.230 10.400 0.070
10.400 16.260 0.058
16.260 17.350 0.070
17.350 22.990 0.017
22.990 27.240 0.240
27.240 31.530 1.000
31.530 38.730 0.510
38.730 +inf 1.000

7
-inf 8.110 1.000
8.110 14.850 0.630
14.850 21.610 0.479
21.610 27.490 0.278
27.490 28.520 0.479
28.520 32.490 0.630
32.490 +inf 1.000

11
-inf 6.020 1.000
6.020 7.480 0.230
7.480 7.490 0.046
7.490 14.750 0.030
14.750 17.070 0.010
17.070 23.030 0.002
23.030 30.240 0.011
30.240 34.820 0.049
34.820 36.430 0.211
36.430 44.770 0.320
44.770 +inf 1.000

5
-inf 7.190 1.000
7.190 12.300 0.590
12.300 12.500 1.000
12.500 17.790 0.020
17.790 +inf 1.000

7
-inf 9.290 1.000
9.290 9.460 0.460
9.460 17.400 0.189
17.400 22.380 0.051
22.380 25.870 0.124
25.870 28.660 0.270
28.660 +inf 1.000

7
-inf 1.180 1.000
1.180 9.540 0.100
9.540 14.840 1.000
14.840 18.130 0.340
18.130 27.170 1.000
27.170 36.630 0.090
36.630 +inf 1.000

11
-inf 7.050 1.000
7.050 16.270 0.360
16.270 21.200 0.256
21.200 22.530 0.008
22.530 24.050 0.021
24.050 28.600 0.014
28.600 34.910 0.469
34.910 40.890 0.145
40.890 45.260 0.220
45.260 51.850 0.710
51.850 +inf 1.000

11
-inf 8.250 1.000
8.250 17.430 0.260
17.430 23.440 0.252
23.440 27.670 0.970
27.670 31.220 0.233
31.220 37.340 0.051
37.340 45.770 0.053
45.770 49.090 0.240
49.090 54.140 1.000
54.140 60.060 0.840
60.060 +inf 1.000

7
-inf 1.200 1.000
1.200 10.920 0.800
10.920 12.320 0.080
12.320 16.840 0.800
16.840 25.130 0.496
25.130 25.970 0.620
25.970 +inf 1.000

11
-inf 7.330 1.000
7.330 15.720 0.640
15.720 16.380 1.000
16.380 20.680 0.340
20.680 27.530 0.024
27.530 32.260 0.070
32.260 41.780 1.000
41.780 42.760 0.730
42.760 51.090 0.635
51.090 57.100 0.870
57.100 +inf 1.000

11
-inf 5.140 1.000
5.140 6.790 0.260
6.790 15.730 0.010
15.730 25.370 0.001
25.370 35.360 0.000
35.360 40.310 0.004
40.310 45.650 0.010
45.650 47.210 0.008
47.210 53.100 0.010
53.100 62.190 0.260
62.190 +inf 1.000

9
-inf 9.480 1.000
9.480 19.030 0.160
19.030 28.270 0.126
28.270 32.840 0.067
32.840 38.280 0.419
38.280 46.610 0.790
46.610 52.610 0.743
52.610 55.720 0.940
55.720 +inf 1.000

5
-inf 8.900 1.000
8.900 16.580 0.200
16.580 25.740 1.000
25.740 34.120 0.840
34.120 +inf 1.000

11
-inf 7.470 1.000
7.470 8.730 0.530
8.730 18.550 1.000
18.550 21.580 0.001
21.580 27.630 0.001
27.630 36.950 0.000
36.950 39.470 0.000
39.470 44.200 0.000
44.200 54.170 0.001
54.170 54.350 0.870
54.350 +inf 1.000

9
-inf 3.590 1.000
3.590 12.980 0.910
12.980 20.050 0.828
20.050 28.380 0.364
28.380 31.260 0.828
31.260 38.510 0.431
38.510 44.030 0.473
44.030 51.970 0.910
51.970 +inf 1.000

5
-inf 3.200 1.000
3.200 13.050 0.590
13.050 20.560 0.384
20.560 27.350 0.650
27.350 +inf 1.000

11
-inf 2.250 1.000
2.250 4.950 0.040
4.950 6.700 0.030
6.700 15.840 0.004
15.840 15.970 0.002
15.970 25.230 0.015
25.230 30.390 0.030
30.390 36.040 0.040
36.040 44.540 0.040
44.540 47.540 0.040
47.540 +inf 1.000

3
-inf 9.330 1.000
9.330 18.140 0.500
18.140 +inf 1.000

11
-inf 9.280 1.000
9.280 14.670 0.760
14.670 18.300 0.486
18.300 18.720 0.760
18.720 19.960 0.426
19.960 25.120 0.560
25.120 26.930 0.050
26.930 33.870 0.090
33.870 38.070 0.041
38.070 48.060 0.450
48.060 +inf 1.000

11
-inf 5.640 1.000
5.640 15.480 0.510
15.480 18.280 0.036
18.280 24.380 0.024
24.380 31.940 0.016
31.940 38.250 0.004
38.250 43.280 0.052
43.280 45.710 0.102
45.710 52.350 0.154
52.350 53.950 0.230
53.950 +inf 1.000

9
-inf 6.430 1.000
6.430 16.060 0.800
16.060 18.940 0.312
18.940 21.320 0.041
21.320 27.590 0.019
27.590 32.070 0.024
32.070 41.300 0.183
41.300 46.110 0.470
46.110 +inf 1.000

7
-inf 5.030 1.000
5.030 13.610 0.800
13.610 15.080 0.384
15.080 16.540 0.115
16.540 24.750 0.384
24.750 29.100 0.800
29.100 +inf 1.000

9
-inf 3.410 1.000
3.410 6.450 0.810
6.450 15.030 0.802
15.030 24.770 0.505
24.770 28.460 0.308
28.460 35.300 0.505
35.300 40.430 0.510
40.430 43.810 0.630
43.810 +inf 1.000

7
-inf 8.270 1.000
8.270 8.910 0.230
8.910 14.860 1.000
14.860 16.540 0.640
16.540 23.740 0.019
23.740 31.790 0.640
31.790 +inf 1.000

3
-inf 2.290 1.000
2.290 2.990 0.110
2.990 +inf 1.000

11
-inf 0.910 1.000
0.910 6.880 0.810
6.880 10.260 1.000
10.260 19.440 0.030
19.440 19.570 1.000
19.570 22.420 0.440
22.420 26.810 1.000
26.810 34.150 0.870
34.150 35.050 0.374
35.050 37.900 0.870
37.900 +inf 1.000

9
-inf 9.800 1.000
9.800 16.040 0.550
16.040 22.530 0.281
22.530 29.670 0.550
29.670 36.820 0.385
36.820 46.160 0.196
46.160 55.060 0.357
55.060 58.560 0.510
58.560 +inf 1.000

3
-inf 1.140 1.000
1.140 1.320 0.460
1.320 +inf 1.000

7
-inf 7.100 1.000
7.100 9.420 0.060
9.420 16.960 0.008
16.960 17.560 0.000
17.560 25.680 0.001
25.680 35.200 0.020
35.200 +inf 1.000

5
-inf 1.770 1.000
1.770 7.840 0.730
7.840 12.900 1.000
12.900 19.340 0.350
19.340 +inf 1.000

7
-inf 5.520 1.000
5.520 5.660 0.650
5.660 8.150 0.280
8.150 13.450 0.430
13.450 17.910 0.155
17.910 24.440 0.360
24.440 +inf 1.000

11
-inf 1.780 1.000
1.780 8.830 0.290
8.830 10.120 0.020
10.120 15.150 0.290
15.150 23.760 0.252
23.760 28.120 0.071
28.120 33.500 0.252
33.500 36.000 0.066
36.000 37.460 0.075
37.460 47.320 0.290
47.320 +inf 1.000

5
-inf 6.920 1.000
6.920 16.260 0.980
16.260 16.270 0.902
16.270 25.690 0.920
25.690 +inf 1.000

7
-inf 6.950 1.000
6.950 8.170 0.400
8.170 8.910 0.064
8.910 13.030 0.160
13.030 14.130 0.075
14.130 20.750 0.470
20.750 +inf 1.000

11
-inf 5.020 1.000
5.020 7.370 0.440
7.370 17.200 0.031
17.200 18.140 0.016
18.140 19.750 0.005
19.750 20.920 0.003
20.920 27.370 0.009
27.370 34.170 0.020
34.170 39.820 0.039
39.820 43.840 0.550
43.840 +inf 1.000

9
-inf 5.760 1.000
5.760 15.000 0.460
15.000 20.980 0.235
20.980 23.540 0.510
23.540 28.430 0.321
28.430 31.950 0.212
31.950 41.790 0.337
41.790 43.550 0.660
43.550 +inf 1.000

9
-inf 0.990 1.000
0.990 6.170 0.410
6.170 11.290 0.029
11.290 11.570 0.070
11.570 19.510 0.018
19.510 24.130 0.016
24.130 26.970 0.226
26.970 29.800 0.260
29.800 +inf 1.000

5
-inf 3.580 1.000
3.580 6.910 0.320
6.910 9.400 1.000
9.400 17.490 0.970
17.490 +inf 1.000

3
-inf 4.420 1.000
4.420 9.850 0.130
9.850 +inf 1.000

7
-inf 0.280 1.000
0.280 9.170 0.090
9.170 16.360 0.051
16.360 22.570 0.031
22.570 22.590 0.342
22.590 23.610 0.570
23.610 +inf 1.000

5
-inf 0.420 1.000
0.420 9.950 0.790
9.950 10.310 1.000
10.310 15.150 0.990
15.150 +inf 1.000

9
-inf 2.660 1.000
2.660 10.240 0.630
10.240 17.380 0.403
17.380 26.800 0.052
26.800 35.140 0.009
35.140 35.320 0.069
35.320 45.080 0.403
45.080 53.990 0.630
53.990 +inf 1.000

5
-inf 7.010 1.000
7.010 7.120 0.560
7.120 13.130 0.554
13.130 22.800 0.560
22.800 +inf 1.000

9
-inf 5.510 1.000
5.510 15.160 0.640
15.160 16.830 0.051
16.830 21.230 0.080
21.230 21.510 0.022
21.510 30.240 0.080
30.240 37.480 1.000
37.480 41.450 0.001
41.450 +inf 1.000

9
-inf 9.370 1.000
9.370 10.350 0.050
10.350 16.980 0.028
16.980 25.380 0.022
25.380 29.530 0.014
29.530 37.830 0.022
37.830 40.630 0.028
40.630 45.070 0.050
45.070 +inf 1.000

5
-inf 4.160 1.000
4.160 4.970 0.910
4.970 6.710 1.000
6.710 13.760 0.950
13.760 +inf 1.000

11
-inf 7.450 1.000
7.450 8.310 0.930
8.310 8.720 0.307
8.720 10.220 0.930
10.220 19.220 0.614
19.220 19.990 0.135
19.990 20.780 0.614
20.780 30.560 0.417
30.560 35.440 0.632
35.440 40.730 0.680
40.730 +inf 1.000

9
-inf 0.880 1.000
0.880 3.590 0.270
3.590 6.070 0.105
6.070 6.740 0.014
6.740 7.860 0.008
7.860 9.150 0.014
9.150 10.170 0.051
10.170 17.090 0.130
17.090 +inf 1.000

3
-inf 4.240 1.000
4.240 6.650 0.130
6.650 +inf 1.000

7
-inf 9.760 1.000
9.760 11.190 0.040
11.190 15.050 0.018
15.050 21.740 0.450
21.740 23.220 0.144
23.220 30.040 0.320
30.040 +inf 1.000

11
-inf 4.620 1.000
4.620 9.660 0.340
9.660 17.470 0.241
17.470 26.340 0.024
26.340 27.310 0.241
27.310 32.780 0.051
32.780 40.300 0.071
40.300 49.920 0.210
49.920 55.530 1.000
55.530 55.890 0.470
55.890 +inf 1.000

11
-inf 8.260 1.000
8.260 9.740 0.670
9.740 10.270 0.228
10.270 18.150 0.340
18.150 25.240 0.048
25.240 26.130 0.041
26.130 26.920 0.122
26.920 28.100 0.071
28.100 33.210 0.081
33.210 37.110 0.140
37.110 +inf 1.000

7
-inf 8.360 1.000
8.360 15.510 0.030
15.510 21.320 0.019
21.320 30.870 0.030
30.870 36.650 1.000
36.650 46.370 0.620
46.370 +inf 1.000

7
-inf 5.100 1.000
5.100 7.900 0.940
7.900 12.410 0.414
12.410 16.390 0.269
16.390 18.980 0.611
18.980 19.220 0.940
19.220 +inf 1.000

11
-inf 9.930 1.000
9.930 19.840 0.970
19.840 24.150 1.000
24.150 27.110 0.720
27.110 27.680 0.346
27.680 28.930 0.014
28.930 38.070 0.019
38.070 42.160 0.009
42.160 45.950 0.230
45.950 53.360 0.480
53.360 +inf 1.000

5
-inf 0.620 1.000
0.620 7.650 0.110
7.650 8.250 1.000
8.250 12.970 0.410
12.970 +inf 1.000

7
-inf 4.880 1.000
4.880 10.800 0.870
10.800 16.250 0.800
16.250 20.500 0.920
20.500 22.910 0.064
22.910 32.440 0.070
32.440 +inf 1.000

5
-inf 8.910 1.000
8.910 10.690 0.450
10.690 15.920 0.383
15.920 25.760 0.850
25.760 +inf 1.000

3
-inf 3.180 1.000
3.180 11.830 0.840
11.830 +inf 1.000

9
-inf 9.790 1.000
9.790 10.160 0.840
10.160 15.880 0.454
15.880 18.110 0.113
18.110 19.550 0.454
19.550 28.440 0.263
28.440 33.740 0.313
33.740 36.790 0.580
36.790 +inf 1.000

9
-inf 7.640 1.000
7.640 15.560 0.290
15.560 18.000 0.067
18.000 25.430 0.290
25.430 33.730 0.252
33.730 35.410 0.290
35.410 38.600 1.000
38.600 48.340 0.030
48.340 +inf 1.000

9
-inf 9.710 1.000
9.710 15.360 0.180
15.360 23.040 0.005
23.040 23.910 0.001
23.910 27.480 0.001
27.480 31.120 0.036
31.120 39.430 0.040
39.430 41.300 0.220
41.300 +inf 1.000

5
-inf 7.750 1.000
7.750 11.610 0.001
11.610 12.570 1.000
12.570 20.030 0.610
20.030 +inf 1.000

5
-inf 4.090 1.000
4.090 9.830 0.730
9.830 11.940 1.000
11.940 12.220 0.180
12.220 +inf 1.000

5
-inf 3.350 1.000
3.350 7.290 0.970
7.290 16.110 0.815
16.110 17.210 0.840
17.210 +inf 1.000

9
-inf 2.410 1.000
2.410 8.740 0.820
8.740 12.380 0.123
12.380 18.880 0.063
18.880 24.470 0.418
24.470 33.740 0.364
33.740 34.050 0.713
34.050 41.600 0.820
41.600 +inf 1.000

11
-inf 7.970 1.000
7.970 12.660 0.590
12.660 16.130 0.053
16.130 20.040 0.046
20.040 21.060 0.005
21.060 21.690 0.005
21.690 22.100 0.009
22.100 28.710 0.100
28.710 32.130 0.060
32.130 36.370 0.100
36.370 +inf 1.000

5
-inf 7.820 1.000
7.820 17.040 0.230
17.040 25.980 1.000
25.980 33.930 0.740
33.930 +inf 1.000

5
-inf 0.260 1.000
0.260 2.400 0.110
2.400 8.580 1.000
8.580 15.290 0.240
15.290 +inf 1.000

11
-inf 2.080 1.000
2.080 5.230 0.220
5.230 13.580 0.180
13.580 17.000 0.112
17.000 22.890 0.180
22.890 30.180 0.820
30.180 31.560 0.812
31.560 33.620 0.990
33.620 34.100 1.000
34.100 41.120 0.140
41.120 +inf 1.000

11
-inf 9.480 1.000
9.480 19.460 0.850
19.460 25.000 0.689
25.000 26.540 0.668
26.540 27.000 0.267
27.000 33.080 0.275
33.080 37.940 0.340
37.940 47.850 0.139
47.850 51.060 0.348
51.060 58.950 0.410
58.950 +inf 1.000

7
-inf 2.540 1.000
2.540 7.440 0.720
7.440 9.780 0.432
9.780 12.230 0.600
12.230 13.860 0.210
13.860 17.610 0.600
17.610 +inf 1.000

7
-inf 2.130 1.000
2.130 11.380 0.830
11.380 13.210 0.822
13.210 18.270 0.830
18.270 26.100 0.033
26.100 31.210 0.040
31.210 +inf 1.000

3
-inf 2.300 1.000
2.300 7.650 0.420
7.650 +inf 1.000

9
-inf 6.140 1.000
6.140 12.800 0.750
12.800 13.300 0.503
13.300 15.090 0.075
15.090 21.010 0.503
21.010 26.870 0.750
26.870 27.240 1.000
27.240 30.990 0.330
30.990 +inf 1.000

9
-inf 8.560 1.000
8.560 9.090 0.610
9.090 16.970 0.207
16.970 25.190 0.137
25.190 32.380 0.224
32.380 34.280 0.105
34.280 37.810 0.160
37.810 44.440 0.340
44.440 +inf 1.000

7
-inf 6.920 1.000
6.920 15.770 0.530
15.770 22.490 0.143
22.490 31.490 0.530
31.490 40.870 0.360
40.870 45.470 0.530
45.470 +inf 1.000

5
-inf 0.070 1.000
0.070 0.270 0.190
0.270 1.060 0.021
1.060 7.260 0.110
7.260 +inf 1.000

11
-inf 4.710 1.000
4.710 5.860 0.110
5.860 9.240 0.073
9.240 14.040 0.027
14.040 21.700 0.011
21.700 29.360 0.009
29.360 34.410 0.011
34.410 39.860 0.027
39.860 42.750 0.244
42.750 48.440 0.660
48.440 +inf 1.000

7
-inf 5.330 1.000
5.330 7.460 0.330
7.460 16.210 0.079
16.210 20.520 0.240
20.520 29.060 0.103
29.060 33.500 0.430
33.500 +inf 1.000

9
-inf 6.700 1.000
6.700 13.680 0.660
13.680 15.830 0.106
15.830 16.710 0.660
16.710 26.690 0.205
26.690 29.920 0.110
29.920 36.170 0.205
36.170 43.830 0.310
43.830 +inf 1.000

11
-inf 9.830 1.000
9.830 15.220 0.720
15.220 19.570 0.396
19.570 26.110 0.289
26.110 28.480 0.009
28.480 34.980 0.016
34.980 35.920 0.003
35.920 41.790 0.004
41.790 51.530 0.022
51.530 58.730 0.720
58.730 +inf 1.000

11
-inf 7.740 1.000
7.740 15.320 0.950
15.320 16.350 0.342
16.350 19.960 0.950
19.960 20.800 0.883
20.800 22.550 0.689
22.550 23.220 0.028
23.220 31.500 0.035
31.500 33.920 0.038
33.920 38.160 0.950
38.160 +inf 1.000

9
-inf 6.710 1.000
6.710 8.060 0.720
8.060 9.430 0.346
9.430 17.950 0.480
17.950 21.720 0.197
21.720 27.330 0.480
27.330 34.920 0.000
34.920 44.010 0.480
44.010 +inf 1.000

5
-inf 0.740 1.000
0.740 7.350 0.870
7.350 10.810 0.226
10.810 18.270 0.870
18.270 +inf 1.000

5
-inf 7.240 1.000
7.240 14.290 0.470
14.290 23.050 0.249
23.050 28.240 0.470
28.240 +inf 1.000

11
-inf 7.400 1.000
7.400 7.770 0.340
7.770 14.240 0.269
14.240 22.380 0.790
22.380 22.880 0.190
22.880 26.340 0.240
26.340 35.460 1.000
35.460 37.450 0.230
37.450 45.740 0.193
45.740 50.840 0.230
50.840 +inf 1.000

9
-inf 7.480 1.000
7.480 14.920 0.480
14.920 14.950 0.302
14.950 17.940 0.239
17.940 27.200 0.302
27.200 32.330 0.480
32.330 36.090 1.000
36.090 44.650 0.140
44.650 +inf 1.000

7
-inf 3.570 1.000
3.570 6.710 0.070
6.710 13.490 0.022
13.490 14.540 0.070
14.540 15.130 1.000
15.130 21.940 0.340
21.940 +inf 1.000

7
-inf 5.290 1.000
5.290 12.020 0.940
12.020 12.420 1.000
12.420 16.020 0.830
16.020 16.260 0.257
16.260 24.790 0.310
24.790 +inf 1.000

5
-inf 8.530 1.000
8.530 13.700 0.650
13.700 16.020 0.299
16.020 17.410 0.460
17.410 +inf 1.000

7
-inf 9.230 1.000
9.230 17.210 0.310
17.210 25.520 0.112
25.520 28.630 0.011
28.630 34.300 0.112
34.300 42.240 0.360
42.240 +inf 1.000

5
-inf 7.580 1.000
7.580 16.830 0.740
16.830 26.570 0.733
26.570 33.320 0.740
33.320 +inf 1.000

3
-inf 1.910 1.000
1.910 10.970 0.940
10.970 +inf 1.000

7
-inf 1.570 1.000
1.570 6.730 0.010
6.730 10.460 0.005
10.460 15.340 0.490
15.340 20.580 0.255
20.580 28.400 0.520
28.400 +inf 1.000

5
-inf 7.090 1.000
7.090 10.590 0.550
10.590 12.230 1.000
12.230 14.750 0.120
14.750 +inf 1.000

9
-inf 9.040 1.000
9.040 12.540 0.001
12.540 16.360 0.001
16.360 19.420 0.000
19.420 20.690 0.000
20.690 28.560 0.001
28.560 29.700 0.000
29.700 34.460 0.160
34.460 +inf 1.000

11
-inf 7.270 1.000
7.270 7.610 0.320
7.610 13.950 0.214
13.950 23.780 0.204
23.780 27.630 0.122
27.630 27.790 0.129
27.790 30.680 0.041
30.680 39.320 0.061
39.320 47.350 0.192
47.350 54.900 0.320
54.900 +inf 1.000

3
-inf 0.360 1.000
0.360 3.620 0.001
3.620 +inf 1.000

9
-inf 1.540 1.000
1.540 5.550 0.360
5.550 11.700 0.004
11.700 21.280 0.002
21.280 21.970 0.176
21.970 24.190 0.157
24.190 33.950 0.436
33.950 36.300 0.490
36.300 +inf 1.000

3
-inf 6.150 1.000
6.150 14.100 0.210
14.100 +inf 1.000

11
-inf 2.660 1.000
2.660 10.900 0.130
10.900 11.460 0.073
11.460 19.990 0.043
19.990 27.650 0.077
27.650 30.920 0.049
30.920 38.980 0.037
38.980 39.540 0.283
39.540 46.710 0.378
46.710 49.560 0.590
49.560 +inf 1.000

9
-inf 4.190 1.000
4.190 5.730 0.020
5.730 6.070 0.007
6.070 14.340 0.340
14.340 16.570 0.085
16.570 23.280 0.056
23.280 23.330 0.085
23.330 31.090 0.250
31.090 +inf 1.000

11
-inf 6.320 1.000
6.320 15.950 0.470
15.950 25.840 0.395
25.840 29.880 0.470
29.880 34.570 1.000
34.570 34.810 0.680
34.810 37.120 1.000
37.120 44.040 0.650
44.040 50.990 0.208
50.990 53.360 0.320
53.360 +inf 1.000

5
-inf 6.440 1.000
6.440 14.140 0.130
14.140 20.330 1.000
20.330 27.210 0.950
27.210 +inf 1.000

3
-inf 6.690 1.000
6.690 8.170 0.530
8.170 +inf 1.000

3
-inf 9.810 1.000
9.810 17.760 0.810
17.760 +inf 1.000

3
-inf 8.300 1.000
8.300 9.390 0.260
9.390 +inf 1.000

11
-inf 0.480 1.000
0.480 2.290 0.750
2.290 9.560 1.000
9.560 10.000 0.440
10.000 18.160 0.070
18.160 20.070 0.440
20.070 26.640 0.106
26.640 28.320 0.440
28.320 29.870 0.365
29.870 34.310 0.830
34.310 +inf 1.000

3
-inf 6.280 1.000
6.280 15.650 0.480
15.650 +inf 1.000

3
-inf 7.480 1.000
7.480 14.330 0.180
14.330 +inf 1.000

5
-inf 1.050 1.000
1.050 6.600 0.100
6.600 13.170 0.083
13.170 15.650 0.830
15.650 +inf 1.000

5
-inf 3.580 1.000
3.580 4.390 0.590
4.390 11.450 0.065
11.450 21.310 0.590
21.310 +inf 1.000

11
-inf 9.190 1.000
9.190 16.570 0.740
16.570 26.070 1.000
26.070 29.830 0.200
29.830 36.280 0.124
36.280 45.870 0.032
45.870 52.110 0.161
52.110 56.470 0.260
56.470 62.160 0.239
62.160 70.620 0.920
70.620 +inf 1.000

9
-inf 4.770 1.000
4.770 13.500 0.730
13.500 15.430 0.190
15.430 24.560 0.260
24.560 32.510 0.138
32.510 36.420 0.088
36.420 41.260 0.138
41.260 47.580 0.260
47.580 +inf 1.000

3
-inf 7.190 1.000
7.190 9.670 0.970
9.670 +inf 1.000

7
-inf 2.690 1.000
2.690 4.910 0.460
4.910 14.380 0.308
14.380 16.910 0.460
16.910 21.710 0.455
21.710 22.360 0.460
22.360 +inf 1.000

11
-inf 4.170 1.000
4.170 4.790 0.280
4.790 5.210 0.126
5.210 10.090 0.073
10.090 13.200 0.162
13.200 16.480 0.280
16.480 23.330 1.000
23.330 31.180 0.180
31.180 32.770 0.049
32.770 34.250 0.270
34.250 +inf 1.000

3
-inf 6.040 1.000
6.040 13.860 0.410
13.860 +inf 1.000
